 0 16  2  3 18  3 17  9 16  2 11  0 10  3  2  0
12 17  8 16 18 15  8 17  7 20 16  8  9  1 20  1
18 12 14 14 14 16 15 14  2 10  3  9  5  6 10 10
18 19 15 20  7 14  8 11  9  9 11  0  2  0  6 12
12 16 11 19 18 15  6  9 15 16 10 13  8 12 20  0
15  3 19 15  9  6  1 14  2 17  1 13 19 14  0  4
 0  1 17 12  2 18 14  8 11 17  9  7 16 14 20 14
14  8 14  3  2 15 17 10 15 18  9 15  7  3 13 10
 7  0  2 20 14 14  9  9  6  7 17  3 11 11  5  0
 4  4 15 16  1 13 12 14 11 17  3  2  3 19 13  1
 4 12 10  7  5  9  2 11  9  0 17 18 18  0 15  1
 8 18 10 12  0  4  3  3 15  8 13 10 18 10 11 15
 1  1  9  0  2  1 15 13 17  2 11  2 13  9  2  8
15  2  7  7 10 12 18  2 20  1  9  9 19  5 15  2
 2 15 10 12  8  1  2 19 17  4 19  7 10  5  3 20
11 15  0  7  0 12  0 13 18  0  9 14  4 17  5 19