 3 11  7  7 20  4  5 15  4 19  3  0 14 17 14 19
20 18 18  9 19 16  9 20  2 20  8 11 11 12 13  5
14 12  2  2  3 17  8 13 12 12  7  0 12  2 18  3
11 19  2  3 13  8 12  2 13  6  5  8 12 16  9  7
 0  1 18 15 11  4  2 14 19 17  6  8 20  5 13 11
 3 12 11  4  4  5  2 13 10  6 19  0  6  1  1  6
 1 12  3 12  6  7  9 16 14 17  7 13  7  4  7 17
 3 12 16 14  8  5  1 20  4 10  9 19  3  9  9  5
 7 13  9  3  0 12 19 19  6  4 19 13 12 12 20  5
 0 11 18  1  7 12  8  2 11  8  3 14 14 12  4  2
 3  9 12 19 18 19 11 16 19 15  6 13 18  6  5  5
18  0  5 19 13  6 19 12  1  0 17 14 15  7  1  1
20  8  9  2  7  7 16 10  0  3  9 17  5 14  8 19
 2 17 11  2  0 15  5 13 20 14 12 10 20 11 13  5
14  4 12 12  6 14 18  8 10 19 17 14  8 20  0  7
20  1  0  6 11  3  6 13  9 17  4 20  0 17 16  7